[transformers] Unrecognized keys in `rope_parameters` for 'rope_type'='default': {'mrope_interleaved', 'mrope_section'}
[transformers] Unrecognized keys in `rope_parameters` for 'rope_type'='default': {'mrope_interleaved', 'mrope_section'}
Breakable CUDA graph is incompatible with multimodal model; disabling prefill CUDA graph.
E=432 M=4565
     9.878 ms  up=(64, 64, 32, 8, 4, 3) down=(64, 64, 32, 8, 4, 3)
    11.984 ms  up=(32, 64, 32, 8, 4, 3) down=(32, 64, 32, 8, 4, 3)
  coordinate round 1/1
    18.463 ms  up=(16, 64, 32, 8, 4, 3) down=(16, 64, 32, 8, 4, 3)
     9.667 ms  up=(128, 64, 32, 8, 4, 3) down=(128, 64, 32, 8, 4, 3)
    14.021 ms  up=(64, 16, 32, 8, 4, 3) down=(64, 64, 32, 8, 4, 3)
    10.935 ms  up=(64, 32, 32, 8, 4, 3) down=(64, 64, 32, 8, 4, 3)
    10.000 ms  up=(64, 128, 32, 8, 4, 3) down=(64, 64, 32, 8, 4, 3)
    10.301 ms  up=(64, 64, 64, 8, 4, 3) down=(64, 64, 32, 8, 4, 3)
    13.667 ms  up=(64, 64, 128, 8, 4, 3) down=(64, 64, 32, 8, 4, 3)
    10.367 ms  up=(64, 64, 32, 1, 4, 3) down=(64, 64, 32, 8, 4, 3)
     9.957 ms  up=(64, 64, 32, 4, 4, 3) down=(64, 64, 32, 8, 4, 3)
    10.202 ms  up=(64, 64, 32, 16, 4, 3) down=(64, 64, 32, 8, 4, 3)
    10.529 ms  up=(64, 64, 32, 32, 4, 3) down=(64, 64, 32, 8, 4, 3)
    10.865 ms  up=(64, 64, 32, 8, 8, 3) down=(64, 64, 32, 8, 4, 3)
    10.187 ms  up=(64, 64, 32, 8, 4, 2) down=(64, 64, 32, 8, 4, 3)
     9.971 ms  up=(64, 64, 32, 8, 4, 4) down=(64, 64, 32, 8, 4, 3)
    15.706 ms  up=(64, 64, 32, 8, 4, 3) down=(64, 16, 32, 8, 4, 3)
    11.653 ms  up=(64, 64, 32, 8, 4, 3) down=(64, 32, 32, 8, 4, 3)
    10.037 ms  up=(64, 64, 32, 8, 4, 3) down=(64, 128, 32, 8, 4, 3)
    10.034 ms  up=(64, 64, 32, 8, 4, 3) down=(64, 64, 64, 8, 4, 3)
    12.108 ms  up=(64, 64, 32, 8, 4, 3) down=(64, 64, 128, 8, 4, 3)
    10.153 ms  up=(64, 64, 32, 8, 4, 3) down=(64, 64, 32, 1, 4, 3)
    10.145 ms  up=(64, 64, 32, 8, 4, 3) down=(64, 64, 32, 4, 4, 3)
    10.184 ms  up=(64, 64, 32, 8, 4, 3) down=(64, 64, 32, 16, 4, 3)
    10.162 ms  up=(64, 64, 32, 8, 4, 3) down=(64, 64, 32, 32, 4, 3)
    10.640 ms  up=(64, 64, 32, 8, 4, 3) down=(64, 64, 32, 8, 8, 3)
    10.240 ms  up=(64, 64, 32, 8, 4, 3) down=(64, 64, 32, 8, 4, 2)
    10.012 ms  up=(64, 64, 32, 8, 4, 3) down=(64, 64, 32, 8, 4, 4)
  BEST 9.667 ms, fallback 10.099 ms, 1.045x, accepted=True, rel=0.000e+00, max=0.000e+00
E=512 M=4565
    11.427 ms  up=(64, 64, 32, 8, 4, 3) down=(64, 64, 32, 8, 4, 3)
    12.027 ms  up=(32, 64, 32, 8, 4, 3) down=(32, 64, 32, 8, 4, 3)
  coordinate round 1/1
    18.842 ms  up=(16, 64, 32, 8, 4, 3) down=(16, 64, 32, 8, 4, 3)
    11.001 ms  up=(128, 64, 32, 8, 4, 3) down=(128, 64, 32, 8, 4, 3)
    15.630 ms  up=(64, 16, 32, 8, 4, 3) down=(64, 64, 32, 8, 4, 3)
    12.516 ms  up=(64, 32, 32, 8, 4, 3) down=(64, 64, 32, 8, 4, 3)
    11.487 ms  up=(64, 128, 32, 8, 4, 3) down=(64, 64, 32, 8, 4, 3)
    12.251 ms  up=(64, 64, 64, 8, 4, 3) down=(64, 64, 32, 8, 4, 3)
    15.739 ms  up=(64, 64, 128, 8, 4, 3) down=(64, 64, 32, 8, 4, 3)
    11.602 ms  up=(64, 64, 32, 1, 4, 3) down=(64, 64, 32, 8, 4, 3)
    11.375 ms  up=(64, 64, 32, 4, 4, 3) down=(64, 64, 32, 8, 4, 3)
    11.528 ms  up=(64, 64, 32, 16, 4, 3) down=(64, 64, 32, 8, 4, 3)
    11.948 ms  up=(64, 64, 32, 32, 4, 3) down=(64, 64, 32, 8, 4, 3)
    12.265 ms  up=(64, 64, 32, 8, 8, 3) down=(64, 64, 32, 8, 4, 3)
    11.757 ms  up=(64, 64, 32, 8, 4, 2) down=(64, 64, 32, 8, 4, 3)
    11.515 ms  up=(64, 64, 32, 8, 4, 4) down=(64, 64, 32, 8, 4, 3)
    17.170 ms  up=(64, 64, 32, 8, 4, 3) down=(64, 16, 32, 8, 4, 3)
    13.386 ms  up=(64, 64, 32, 8, 4, 3) down=(64, 32, 32, 8, 4, 3)
    11.250 ms  up=(64, 64, 32, 8, 4, 3) down=(64, 128, 32, 8, 4, 3)
    11.395 ms  up=(64, 64, 32, 8, 4, 3) down=(64, 64, 64, 8, 4, 3)
    13.921 ms  up=(64, 64, 32, 8, 4, 3) down=(64, 64, 128, 8, 4, 3)
    11.474 ms  up=(64, 64, 32, 8, 4, 3) down=(64, 64, 32, 1, 4, 3)
    11.494 ms  up=(64, 64, 32, 8, 4, 3) down=(64, 64, 32, 4, 4, 3)
    11.487 ms  up=(64, 64, 32, 8, 4, 3) down=(64, 64, 32, 16, 4, 3)
    11.476 ms  up=(64, 64, 32, 8, 4, 3) down=(64, 64, 32, 32, 4, 3)
    12.327 ms  up=(64, 64, 32, 8, 4, 3) down=(64, 64, 32, 8, 8, 3)
    11.672 ms  up=(64, 64, 32, 8, 4, 3) down=(64, 64, 32, 8, 4, 2)
    11.737 ms  up=(64, 64, 32, 8, 4, 3) down=(64, 64, 32, 8, 4, 4)
  BEST 11.001 ms, fallback 11.724 ms, 1.066x, accepted=True, rel=0.000e+00, max=0.000e+00
Wrote configs to docs/logs/raw/pp13_current_profile_3090_2026-09-16/moe-config-screen/configs
Wrote report to docs/logs/raw/pp13_current_profile_3090_2026-09-16/moe-config-screen/tuning-edges.json
