[transformers] Unrecognized keys in `rope_parameters` for 'rope_type'='default': {'mrope_section', 'mrope_interleaved'}
[transformers] Unrecognized keys in `rope_parameters` for 'rope_type'='default': {'mrope_section', 'mrope_interleaved'}
Breakable CUDA graph is incompatible with multimodal model; disabling prefill CUDA graph.
E=432 M=4565
     9.986 ms  up=(64, 64, 32, 8, 4, 3) down=(64, 64, 32, 8, 4, 3)
     9.835 ms  up=(128, 64, 32, 8, 4, 3) down=(128, 64, 32, 8, 4, 3)
  coordinate round 1/2
    18.476 ms  up=(16, 64, 32, 8, 4, 3) down=(16, 64, 32, 8, 4, 3)
    12.087 ms  up=(32, 64, 32, 8, 4, 3) down=(32, 64, 32, 8, 4, 3)
    13.300 ms  up=(128, 16, 32, 8, 4, 3) down=(128, 64, 32, 8, 4, 3)
    10.405 ms  up=(128, 32, 32, 8, 4, 3) down=(128, 64, 32, 8, 4, 3)
     9.572 ms  up=(128, 128, 32, 8, 4, 3) down=(128, 64, 32, 8, 4, 3)
     9.914 ms  up=(128, 64, 64, 8, 4, 3) down=(128, 64, 32, 8, 4, 3)
    11.963 ms  up=(128, 64, 128, 8, 4, 3) down=(128, 64, 32, 8, 4, 3)
    10.044 ms  up=(128, 64, 32, 1, 4, 3) down=(128, 64, 32, 8, 4, 3)
     9.785 ms  up=(128, 64, 32, 4, 4, 3) down=(128, 64, 32, 8, 4, 3)
    10.018 ms  up=(128, 64, 32, 16, 4, 3) down=(128, 64, 32, 8, 4, 3)
    10.667 ms  up=(128, 64, 32, 32, 4, 3) down=(128, 64, 32, 8, 4, 3)
    10.400 ms  up=(128, 64, 32, 8, 8, 3) down=(128, 64, 32, 8, 4, 3)
    10.056 ms  up=(128, 64, 32, 8, 4, 2) down=(128, 64, 32, 8, 4, 3)
     9.766 ms  up=(128, 64, 32, 8, 4, 4) down=(128, 64, 32, 8, 4, 3)
    15.400 ms  up=(128, 64, 32, 8, 4, 3) down=(128, 16, 32, 8, 4, 3)
    11.645 ms  up=(128, 64, 32, 8, 4, 3) down=(128, 32, 32, 8, 4, 3)
     9.888 ms  up=(128, 64, 32, 8, 4, 3) down=(128, 128, 32, 8, 4, 3)
    10.000 ms  up=(128, 64, 32, 8, 4, 3) down=(128, 64, 64, 8, 4, 3)
    11.350 ms  up=(128, 64, 32, 8, 4, 3) down=(128, 64, 128, 8, 4, 3)
     9.705 ms  up=(128, 64, 32, 8, 4, 3) down=(128, 64, 32, 1, 4, 3)
    10.341 ms  up=(128, 64, 32, 8, 4, 3) down=(128, 64, 32, 4, 4, 3)
     9.825 ms  up=(128, 64, 32, 8, 4, 3) down=(128, 64, 32, 16, 4, 3)
    10.430 ms  up=(128, 64, 32, 8, 4, 3) down=(128, 64, 32, 32, 4, 3)
    10.425 ms  up=(128, 64, 32, 8, 4, 3) down=(128, 64, 32, 8, 8, 3)
    10.056 ms  up=(128, 64, 32, 8, 4, 3) down=(128, 64, 32, 8, 4, 2)
    10.173 ms  up=(128, 64, 32, 8, 4, 3) down=(128, 64, 32, 8, 4, 4)
  coordinate round 2/2
    16.925 ms  up=(16, 128, 32, 8, 4, 3) down=(16, 64, 32, 8, 4, 3)
    11.659 ms  up=(32, 128, 32, 8, 4, 3) down=(32, 64, 32, 8, 4, 3)
    10.071 ms  up=(64, 128, 32, 8, 4, 3) down=(64, 64, 32, 8, 4, 3)
    10.598 ms  up=(128, 128, 64, 8, 4, 3) down=(128, 64, 32, 8, 4, 3)
  reject ((128, 128, 128, 8, 4, 3), (128, 64, 32, 8, 4, 3)): OutOfResources: out of resource: shared memory, Required: 106496, Hardware limit: 101376. Reducing block sizes or `num_stages` may help.
     9.796 ms  up=(128, 128, 32, 1, 4, 3) down=(128, 64, 32, 8, 4, 3)
     9.685 ms  up=(128, 128, 32, 4, 4, 3) down=(128, 64, 32, 8, 4, 3)
     9.669 ms  up=(128, 128, 32, 16, 4, 3) down=(128, 64, 32, 8, 4, 3)
     9.769 ms  up=(128, 128, 32, 32, 4, 3) down=(128, 64, 32, 8, 4, 3)
    11.236 ms  up=(128, 128, 32, 8, 8, 3) down=(128, 64, 32, 8, 4, 3)
     9.641 ms  up=(128, 128, 32, 8, 4, 2) down=(128, 64, 32, 8, 4, 3)
     9.509 ms  up=(128, 128, 32, 8, 4, 4) down=(128, 64, 32, 8, 4, 3)
    15.001 ms  up=(128, 128, 32, 8, 4, 3) down=(128, 16, 32, 8, 4, 3)
    10.992 ms  up=(128, 128, 32, 8, 4, 3) down=(128, 32, 32, 8, 4, 3)
     9.284 ms  up=(128, 128, 32, 8, 4, 3) down=(128, 128, 32, 8, 4, 3)
     9.701 ms  up=(128, 128, 32, 8, 4, 3) down=(128, 64, 64, 8, 4, 3)
    11.020 ms  up=(128, 128, 32, 8, 4, 3) down=(128, 64, 128, 8, 4, 3)
     9.503 ms  up=(128, 128, 32, 8, 4, 3) down=(128, 64, 32, 1, 4, 3)
     9.431 ms  up=(128, 128, 32, 8, 4, 3) down=(128, 64, 32, 4, 4, 3)
    10.039 ms  up=(128, 128, 32, 8, 4, 3) down=(128, 64, 32, 16, 4, 3)
     9.638 ms  up=(128, 128, 32, 8, 4, 3) down=(128, 64, 32, 32, 4, 3)
     9.987 ms  up=(128, 128, 32, 8, 4, 3) down=(128, 64, 32, 8, 8, 3)
     9.572 ms  up=(128, 128, 32, 8, 4, 3) down=(128, 64, 32, 8, 4, 2)
     9.464 ms  up=(128, 128, 32, 8, 4, 3) down=(128, 64, 32, 8, 4, 4)
  BEST 9.284 ms, fallback 10.078 ms, 1.085x, accepted=True, rel=0.000e+00, max=0.000e+00
E=480 M=4565
    10.848 ms  up=(64, 64, 32, 8, 4, 3) down=(64, 64, 32, 8, 4, 3)
    10.694 ms  up=(64, 64, 32, 8, 4, 3) down=(64, 128, 32, 8, 4, 3)
  coordinate round 1/2
    17.928 ms  up=(16, 64, 32, 8, 4, 3) down=(16, 128, 32, 8, 4, 3)
    11.777 ms  up=(32, 64, 32, 8, 4, 3) down=(32, 128, 32, 8, 4, 3)
    10.426 ms  up=(128, 64, 32, 8, 4, 3) down=(128, 128, 32, 8, 4, 3)
    14.788 ms  up=(64, 16, 32, 8, 4, 3) down=(64, 128, 32, 8, 4, 3)
    11.571 ms  up=(64, 32, 32, 8, 4, 3) down=(64, 128, 32, 8, 4, 3)
    10.718 ms  up=(64, 128, 32, 8, 4, 3) down=(64, 128, 32, 8, 4, 3)
    10.990 ms  up=(64, 64, 64, 8, 4, 3) down=(64, 128, 32, 8, 4, 3)
    14.607 ms  up=(64, 64, 128, 8, 4, 3) down=(64, 128, 32, 8, 4, 3)
    10.694 ms  up=(64, 64, 32, 1, 4, 3) down=(64, 128, 32, 8, 4, 3)
    10.980 ms  up=(64, 64, 32, 4, 4, 3) down=(64, 128, 32, 8, 4, 3)
    10.705 ms  up=(64, 64, 32, 16, 4, 3) down=(64, 128, 32, 8, 4, 3)
    10.981 ms  up=(64, 64, 32, 32, 4, 3) down=(64, 128, 32, 8, 4, 3)
    11.600 ms  up=(64, 64, 32, 8, 8, 3) down=(64, 128, 32, 8, 4, 3)
    11.006 ms  up=(64, 64, 32, 8, 4, 2) down=(64, 128, 32, 8, 4, 3)
    10.878 ms  up=(64, 64, 32, 8, 4, 4) down=(64, 128, 32, 8, 4, 3)
    16.387 ms  up=(64, 64, 32, 8, 4, 3) down=(64, 16, 32, 8, 4, 3)
    12.348 ms  up=(64, 64, 32, 8, 4, 3) down=(64, 32, 32, 8, 4, 3)
    10.724 ms  up=(64, 64, 32, 8, 4, 3) down=(64, 128, 64, 8, 4, 3)
    12.109 ms  up=(64, 64, 32, 8, 4, 3) down=(64, 128, 128, 8, 4, 3)
    10.887 ms  up=(64, 64, 32, 8, 4, 3) down=(64, 128, 32, 1, 4, 3)
    11.236 ms  up=(64, 64, 32, 8, 4, 3) down=(64, 128, 32, 4, 4, 3)
    10.990 ms  up=(64, 64, 32, 8, 4, 3) down=(64, 128, 32, 16, 4, 3)
    11.057 ms  up=(64, 64, 32, 8, 4, 3) down=(64, 128, 32, 32, 4, 3)
    11.354 ms  up=(64, 64, 32, 8, 4, 3) down=(64, 128, 32, 8, 8, 3)
    10.706 ms  up=(64, 64, 32, 8, 4, 3) down=(64, 128, 32, 8, 4, 2)
    11.276 ms  up=(64, 64, 32, 8, 4, 3) down=(64, 128, 32, 8, 4, 4)
  coordinate round 2/2
    13.641 ms  up=(128, 16, 32, 8, 4, 3) down=(128, 128, 32, 8, 4, 3)
    10.631 ms  up=(128, 32, 32, 8, 4, 3) down=(128, 128, 32, 8, 4, 3)
    10.076 ms  up=(128, 128, 32, 8, 4, 3) down=(128, 128, 32, 8, 4, 3)
    10.267 ms  up=(128, 64, 64, 8, 4, 3) down=(128, 128, 32, 8, 4, 3)
    12.519 ms  up=(128, 64, 128, 8, 4, 3) down=(128, 128, 32, 8, 4, 3)
    10.223 ms  up=(128, 64, 32, 1, 4, 3) down=(128, 128, 32, 8, 4, 3)
    10.524 ms  up=(128, 64, 32, 4, 4, 3) down=(128, 128, 32, 8, 4, 3)
    10.409 ms  up=(128, 64, 32, 16, 4, 3) down=(128, 128, 32, 8, 4, 3)
    10.641 ms  up=(128, 64, 32, 32, 4, 3) down=(128, 128, 32, 8, 4, 3)
    11.000 ms  up=(128, 64, 32, 8, 8, 3) down=(128, 128, 32, 8, 4, 3)
    10.514 ms  up=(128, 64, 32, 8, 4, 2) down=(128, 128, 32, 8, 4, 3)
    10.373 ms  up=(128, 64, 32, 8, 4, 4) down=(128, 128, 32, 8, 4, 3)
    15.996 ms  up=(128, 64, 32, 8, 4, 3) down=(128, 16, 32, 8, 4, 3)
    11.830 ms  up=(128, 64, 32, 8, 4, 3) down=(128, 32, 32, 8, 4, 3)
    10.504 ms  up=(128, 64, 32, 8, 4, 3) down=(128, 64, 32, 8, 4, 3)
    11.244 ms  up=(128, 64, 32, 8, 4, 3) down=(128, 128, 64, 8, 4, 3)
  reject ((128, 64, 32, 8, 4, 3), (128, 128, 128, 8, 4, 3)): OutOfResources: out of resource: shared memory, Required: 106496, Hardware limit: 101376. Reducing block sizes or `num_stages` may help.
    10.617 ms  up=(128, 64, 32, 8, 4, 3) down=(128, 128, 32, 1, 4, 3)
    10.484 ms  up=(128, 64, 32, 8, 4, 3) down=(128, 128, 32, 4, 4, 3)
    10.578 ms  up=(128, 64, 32, 8, 4, 3) down=(128, 128, 32, 16, 4, 3)
    10.602 ms  up=(128, 64, 32, 8, 4, 3) down=(128, 128, 32, 32, 4, 3)
    11.474 ms  up=(128, 64, 32, 8, 4, 3) down=(128, 128, 32, 8, 8, 3)
    10.467 ms  up=(128, 64, 32, 8, 4, 3) down=(128, 128, 32, 8, 4, 2)
    10.399 ms  up=(128, 64, 32, 8, 4, 3) down=(128, 128, 32, 8, 4, 4)
  BEST 10.076 ms, fallback 11.022 ms, 1.094x, accepted=True, rel=0.000e+00, max=0.000e+00
E=512 M=4565
    11.492 ms  up=(64, 64, 32, 8, 4, 3) down=(64, 64, 32, 8, 4, 3)
    11.028 ms  up=(128, 64, 32, 8, 4, 3) down=(128, 64, 32, 8, 4, 3)
  coordinate round 1/2
    18.813 ms  up=(16, 64, 32, 8, 4, 3) down=(16, 64, 32, 8, 4, 3)
    12.104 ms  up=(32, 64, 32, 8, 4, 3) down=(32, 64, 32, 8, 4, 3)
    14.423 ms  up=(128, 16, 32, 8, 4, 3) down=(128, 64, 32, 8, 4, 3)
    11.772 ms  up=(128, 32, 32, 8, 4, 3) down=(128, 64, 32, 8, 4, 3)
    10.854 ms  up=(128, 128, 32, 8, 4, 3) down=(128, 64, 32, 8, 4, 3)
    11.030 ms  up=(128, 64, 64, 8, 4, 3) down=(128, 64, 32, 8, 4, 3)
    13.413 ms  up=(128, 64, 128, 8, 4, 3) down=(128, 64, 32, 8, 4, 3)
    11.037 ms  up=(128, 64, 32, 1, 4, 3) down=(128, 64, 32, 8, 4, 3)
    11.016 ms  up=(128, 64, 32, 4, 4, 3) down=(128, 64, 32, 8, 4, 3)
    11.092 ms  up=(128, 64, 32, 16, 4, 3) down=(128, 64, 32, 8, 4, 3)
    11.429 ms  up=(128, 64, 32, 32, 4, 3) down=(128, 64, 32, 8, 4, 3)
    11.947 ms  up=(128, 64, 32, 8, 8, 3) down=(128, 64, 32, 8, 4, 3)
    11.358 ms  up=(128, 64, 32, 8, 4, 2) down=(128, 64, 32, 8, 4, 3)
    11.072 ms  up=(128, 64, 32, 8, 4, 4) down=(128, 64, 32, 8, 4, 3)
    16.400 ms  up=(128, 64, 32, 8, 4, 3) down=(128, 16, 32, 8, 4, 3)
    12.275 ms  up=(128, 64, 32, 8, 4, 3) down=(128, 32, 32, 8, 4, 3)
    10.864 ms  up=(128, 64, 32, 8, 4, 3) down=(128, 128, 32, 8, 4, 3)
    11.419 ms  up=(128, 64, 32, 8, 4, 3) down=(128, 64, 64, 8, 4, 3)
    12.785 ms  up=(128, 64, 32, 8, 4, 3) down=(128, 64, 128, 8, 4, 3)
    11.213 ms  up=(128, 64, 32, 8, 4, 3) down=(128, 64, 32, 1, 4, 3)
    11.165 ms  up=(128, 64, 32, 8, 4, 3) down=(128, 64, 32, 4, 4, 3)
    11.205 ms  up=(128, 64, 32, 8, 4, 3) down=(128, 64, 32, 16, 4, 3)
    11.207 ms  up=(128, 64, 32, 8, 4, 3) down=(128, 64, 32, 32, 4, 3)
    11.629 ms  up=(128, 64, 32, 8, 4, 3) down=(128, 64, 32, 8, 8, 3)
    11.281 ms  up=(128, 64, 32, 8, 4, 3) down=(128, 64, 32, 8, 4, 2)
    11.034 ms  up=(128, 64, 32, 8, 4, 3) down=(128, 64, 32, 8, 4, 4)
  coordinate round 2/2
    17.065 ms  up=(16, 128, 32, 8, 4, 3) down=(16, 64, 32, 8, 4, 3)
    11.563 ms  up=(32, 128, 32, 8, 4, 3) down=(32, 64, 32, 8, 4, 3)
    11.512 ms  up=(64, 128, 32, 8, 4, 3) down=(64, 64, 32, 8, 4, 3)
    12.032 ms  up=(128, 128, 64, 8, 4, 3) down=(128, 64, 32, 8, 4, 3)
  reject ((128, 128, 128, 8, 4, 3), (128, 64, 32, 8, 4, 3)): OutOfResources: out of resource: shared memory, Required: 106496, Hardware limit: 101376. Reducing block sizes or `num_stages` may help.
    10.710 ms  up=(128, 128, 32, 1, 4, 3) down=(128, 64, 32, 8, 4, 3)
    10.777 ms  up=(128, 128, 32, 4, 4, 3) down=(128, 64, 32, 8, 4, 3)
    10.864 ms  up=(128, 128, 32, 16, 4, 3) down=(128, 64, 32, 8, 4, 3)
    10.867 ms  up=(128, 128, 32, 32, 4, 3) down=(128, 64, 32, 8, 4, 3)
    12.748 ms  up=(128, 128, 32, 8, 8, 3) down=(128, 64, 32, 8, 4, 3)
    10.755 ms  up=(128, 128, 32, 8, 4, 2) down=(128, 64, 32, 8, 4, 3)
    10.966 ms  up=(128, 128, 32, 8, 4, 4) down=(128, 64, 32, 8, 4, 3)
    16.201 ms  up=(128, 128, 32, 8, 4, 3) down=(128, 16, 32, 8, 4, 3)
    12.025 ms  up=(128, 128, 32, 8, 4, 3) down=(128, 32, 32, 8, 4, 3)
    10.648 ms  up=(128, 128, 32, 8, 4, 3) down=(128, 128, 32, 8, 4, 3)
    11.210 ms  up=(128, 128, 32, 8, 4, 3) down=(128, 64, 64, 8, 4, 3)
    12.544 ms  up=(128, 128, 32, 8, 4, 3) down=(128, 64, 128, 8, 4, 3)
    10.705 ms  up=(128, 128, 32, 8, 4, 3) down=(128, 64, 32, 1, 4, 3)
    10.974 ms  up=(128, 128, 32, 8, 4, 3) down=(128, 64, 32, 4, 4, 3)
    11.061 ms  up=(128, 128, 32, 8, 4, 3) down=(128, 64, 32, 16, 4, 3)
    11.005 ms  up=(128, 128, 32, 8, 4, 3) down=(128, 64, 32, 32, 4, 3)
    11.488 ms  up=(128, 128, 32, 8, 4, 3) down=(128, 64, 32, 8, 8, 3)
    11.044 ms  up=(128, 128, 32, 8, 4, 3) down=(128, 64, 32, 8, 4, 2)
    10.872 ms  up=(128, 128, 32, 8, 4, 3) down=(128, 64, 32, 8, 4, 4)
  BEST 10.648 ms, fallback 11.508 ms, 1.081x, accepted=True, rel=0.000e+00, max=0.000e+00
Wrote configs to docs/logs/raw/pp13_current_profile_3090_2026-09-16/moe-config-screen/configs
Wrote report to docs/logs/raw/pp13_current_profile_3090_2026-09-16/moe-config-screen/tuning-refined.json
