      4096     4565       3.94         1159        39.9
      4096     4565       2.01         2266        40.8
      4096     4565       1.68         2712        39.9
      4096     4565       1.70         2691        40.8
      4096     4565       1.69         2708        39.9
      4096     4565       1.70         2693        40.0
      4096     4565       1.70         2685        39.6
      4096     4565       1.70         2683        40.6
      4096     4565       1.70         2689        41.6
      4096     4565       1.69         2694        44.1
