   context  prefill s  prefill t/s  decode t/s tokens
  ------------------------------------------------------
       101       0.50          204        35.8    200
       421       0.60          699        39.1    200
      1701       1.03         1656        38.4    200
      6821       2.78         2452        38.7    200
     10001       4.04         2477        38.5    200
   context  prefill s  prefill t/s  decode t/s tokens
  ------------------------------------------------------
       101       0.30          338        41.5    200
       421       0.53          797        37.9    200
      1701       1.07         1593        37.1    200
      6821       2.71         2521        38.0    200
     10001       4.04         2476        38.5    200
