      4096     4565       4.03         1134        41.7
      4096     4565       2.01         2267        42.4
      4096     4565       1.75         2612        41.4
      4096     4565       1.75         2602        40.2
      4096     4565       1.76         2599        41.8
      4096     4565       1.78         2565        42.6
      4096     4565       1.78         2561        41.0
      4096     4565       1.77         2578        42.9
      4096     4565       1.76         2596        40.4
      4096     4565       1.78         2567        41.9
