      4096     4565       4.37         1046        40.9
      4096     4565       2.00         2287        40.5
      4096     4565       1.69         2703        41.7
      4096     4565       1.68         2714        40.2
      4096     4565       1.72         2647        41.2
      4096     4565       1.70         2687        41.6
      4096     4565       1.70         2677        41.5
      4096     4565       1.70         2689        41.7
      4096     4565       1.72         2659        39.6
      4096     4565       1.71         2662        41.7
