      4096     4565       3.82         1195        41.6
      4096     4565       1.93         2368        40.3
      4096     4565       1.68         2724        42.5
      4096     4565       1.68         2715        41.6
      4096     4565       1.71         2674        42.5
      4096     4565       1.68         2715        40.9
      4096     4565       1.70         2691        42.2
      4096     4565       1.68         2716        41.2
      4096     4565       1.70         2687        42.4
      4096     4565       1.69         2703        40.7
