      4096     4565       3.79         1204        39.9
      4096     4565       2.02         2266        40.4
      4096     4565       1.68         2711        42.4
      4096     4565       1.69         2698        40.5
      4096     4565       1.69         2699        42.7
      4096     4565       1.69         2703        40.8
      4096     4565       1.70         2693        41.7
      4096     4565       1.70         2684        39.7
      4096     4565       1.69         2694        41.8
      4096     4565       1.71         2669        40.5
