      4096     4565       3.85         1185        41.6
      4096     4565       1.98         2309        41.1
      4096     4565       1.68         2724        41.9
      4096     4565       1.68         2722        41.2
      4096     4565       1.68         2712        42.0
      4096     4565       1.68         2711        40.3
      4096     4565       1.69         2693        41.9
      4096     4565       1.69         2705        41.5
      4096     4565       1.70         2686        41.3
      4096     4565       1.70         2686        40.8
