      4096     4565       1.69         2698        41.8
      4096     4565       1.70         2684        39.9
      4096     4565       1.72         2658        41.7
      4096     4565       1.70         2680        40.1
      4096     4565       1.71         2667        42.1
      4096     4565       1.71         2670        40.2
      4096     4565       1.72         2647        42.4
      4096     4565       1.71         2665        40.2
      4096     4565       1.72         2659        42.0
      4096     4565       1.72         2654        40.4
