      4096     4565       3.85         1187        39.9
      4096     4565       1.96         2329        42.1
      4096     4565       1.68         2723        39.2
      4096     4565       1.68         2718        41.4
      4096     4565       1.71         2667        39.0
      4096     4565       1.72         2660        41.9
      4096     4565       1.68         2710        38.2
      4096     4565       1.68         2720        42.3
      4096     4565       1.68         2712        40.3
      4096     4565       1.69         2709        39.7
